25 85 90 92
30 78 80 85
35 92 88 95
28 75 82 80
32 90 85 88
26 88 92 87
31 82 86 90
27 85 84 88
29 90 92 86
33 80 85 90
24 92 88 85
37 79 84 86
34 85 90 88
26 88 92 87
31 82 86 90
28 75 82 80
30 78 80 85
35 92 88 95
32 90 85 88
27 85 84 88
29 90 92 86
33 80 85 90
25 85 90 92
26 88 92 87
24 92 88 85
37 79 84 86
31 82 86 90
28 75 82 80
30 78 80 85
35 92 88 95
27 85 84 88
32 90 85 88
29 90 92 86
33 80 85 90
26 88 92 87
31 82 86 90
25 85 90 92
37 79 84 86
30 78 80 85
28 75 82 80
35 92 88 95
27 85 84 88
32 90 85 88
29 90 92 86
33 80 85 90
26 88 92 87
24 92 88 85
31 82 86 90
37 79 84 86
30 78 80 85
35 92 88 95
27 85 84 88
32 90 85 88
29 90 92 86
33 80 85 90
26 88 92 87
31 82 86 90
25 85 90 92
28 75 82 80
37 79 84 86
30 78 80 85
35 92 88 95
27 85 84 88
32 90 85 88
29 90 92 86
26 88 92 87
33 80 85 90
24 92 88 85
31 82 86 90
37 79 84 86
30 78 80 85
35 92 88 95
27 85 84 88
32 90 85 88
29 90 92 86
33 80 85 90
26 88 92 87
31 82 86 90
25 85 90 92
28 75 82 80
37 79 84 86
30 78 80 85
35 92 88 95
27 85 84 88
z
32 90 85 88
29 90 92 86
33 80 85 90
26 88 92 87
24 92 88 85
31 82 86 90

37 79 84 86
30 78 80 85
35 92 88 95
27 85 84 88
32 90 85 88
29 90 92 86
33 80 85 90
26 88 92 87
31 82 86 90
25 85 90 92